     1998   966.650   579.418   207.482     0.000     0.763     0.000    80.769     1.634     0.000   289.015     0.361     4.483    12.441     0.002     0.000     0.034     2.170     8.854     5.426     0.110     0.020   113.175     0.000     0.000   111.115     0.000     0.464     0.358     0.000     0.002     0.000    44.800     9.093     0.021    86.778     7.733   174.681    34.347    23591.     4435.    23393.     4444.   234704.   238484.       26.       29.      0.00      0.00  234704.3  238484.0       3.0       0.0       1.0       0.1
     1999   904.750   368.754   239.972     0.000     2.392     0.000   248.267     5.023     0.000   490.632     0.002     0.007     1.215     0.000     0.000     0.006     0.016     0.017     0.931     0.019     0.000    10.539   264.286     0.000     0.706     0.000     0.153     0.002     0.000     0.006     0.000     0.000     5.503     0.000     0.332     7.238   173.436    19.110    23393.     4444.    23479.     4425.   238484.   243828.       29.       11.      0.00      0.00  238484.0  243828.0       0.0       0.0       0.0       0.3
     2000  1038.880   509.745   228.781     0.000     2.392     0.001   236.652     4.788     0.000   467.825     0.003     0.000    17.940     0.001     0.000     0.002     0.027     0.000     0.267     0.005     0.000     4.425     0.000     0.000   111.115     0.000     1.313     0.005     0.000     0.006     0.000    44.800     8.996     0.000     0.000     8.311    33.878    11.729    23479.     4425.    23542.     4456.   243828.   247888.       11.       35.      0.00      0.00  243828.0  247888.0       0.0       0.0       0.0       0.3
     2001  1096.850   392.413   396.790     0.000     3.621     0.001   366.273     7.411     0.000   766.685     0.001     0.000     1.671     0.000     0.000     0.000     0.009     0.000     0.076     0.002     0.001     1.426   284.488     0.000     0.000     0.000     0.106     0.001     0.000     0.009     0.000     0.000    17.360     0.000     0.000     8.775   179.290    19.755    23542.     4456.    23652.     4436.   247888.   251573.       35.       10.      0.00      0.00  247888.0  251573.4       0.0       0.0       0.0       0.4
     2002   821.060   519.783   188.901     0.000     1.324     0.001   132.407     2.679     0.000   322.633     0.002     0.000    10.567     0.001     0.000     0.000     0.017     0.000     0.023     0.000     0.000     4.635     0.000     0.000   111.115     0.000     0.673     0.002     0.000     0.003     0.000    44.800     7.830     0.000     0.000     6.568    90.532    18.800    23652.     4436.    23664.     4461.   251573.   253478.       10.       31.      0.00      0.00  251573.4  253478.4       0.0       0.0       0.0       0.2
     2003   693.190   364.495    31.005     0.000     2.639     0.001   268.687     5.436     0.000   302.332     0.000     0.000     0.094     0.001     0.000     0.000     0.000     0.000     0.012     0.000     0.000     2.542   301.946     0.000     0.706     0.000     0.002     0.000     0.000     0.006     0.000     0.000     2.693     0.000     0.000     5.546   192.473    21.208    23664.     4461.    23777.     4440.   253478.   257233.       31.        2.      0.00      0.00  253478.4  257232.9       0.0       0.0       0.0       0.3
     2004   712.540   521.491    28.960     0.000     1.500     0.001   156.457     3.166     0.000   186.919     0.000     0.000     4.312     0.001     0.000     0.000     0.004     0.000     0.011     0.000     0.000    10.313     0.000     0.000   173.813     0.000     0.006     0.000     0.000     0.004     0.000     0.000     4.357     0.000     0.000     5.700   143.104    29.171    23777.     4440.    23798.     4410.   257233.   261593.        2.        2.      0.00      0.00  257232.9  261592.6       0.0       0.0       0.0       0.2
     2005   722.890   340.575   109.303     0.000     2.427     0.001   251.378     5.086     0.000   363.109     0.000     0.000     0.448     0.000     0.000     0.000     0.002     0.000     0.003     0.000     0.001     0.878   303.265     0.000     0.403     0.000     0.016     0.000     0.000     0.006     0.000     0.000     9.144     0.000     0.000     5.783   194.986    21.484    23798.     4410.    23911.     4389.   261593.   266184.        2.        2.      0.00      0.86  261592.6  266184.1       0.0       0.0       0.0       0.3
     2006   974.650   526.338   164.885     0.000     2.873     0.001   294.440     5.957     0.000   462.200     0.001     0.000     3.699     0.004     0.000     0.000     0.007     0.000     0.007     0.000     0.000     6.252     0.000     0.000   130.760     0.000     0.022     0.001     0.000     0.006     0.000     0.000    16.381     0.000     0.000     7.797   110.323    22.924    23911.     4389.    23929.     4365.   266184.   269258.        2.        1.      0.86      0.81  266184.1  269258.4       0.0       0.0       0.0       0.3
     2007   754.380   365.543   107.764     0.000     2.374     0.001   242.351     4.903     0.000   352.489     0.001     0.000     0.544     0.000     0.000     0.000     0.008     0.000     0.003     0.000     0.001     1.095   312.849     0.000     0.000     0.000     0.014     0.001     0.000     0.003     0.000     0.000    11.620     0.000     0.000     6.035   203.678    22.461    23929.     4365.    24043.     4343.   269258.   273866.        1.        3.      0.81      0.73  269258.4  273865.8       0.0       0.0       0.0       0.2
     2008   718.280   524.227   168.184     0.000     1.873     0.001   171.362     3.467     0.000   341.420     0.001     0.000     8.037     0.001     0.000     0.000     2.764     0.000     0.006     0.000     0.001     4.252     0.000    98.626   131.011     8.715     1.055     0.407     0.000     0.002    17.932    31.381     5.986     0.053     0.000     5.746   111.796    23.553    24043.     4343.    24064.     4359.   273866.   278836.        3.       10.      0.73      0.66  273865.8  278836.3       0.0       0.0       0.0       0.1
     2009   935.800   376.497   128.426     0.000     2.877     0.001   290.144     5.870     0.000   421.448     0.000     0.002     0.463     0.000     0.000     0.000     1.245     0.030     0.006     0.000     0.000     1.246   323.133     0.000     0.000     0.000     0.023     0.008     0.003     0.004     0.000     0.000    12.980     0.024     0.626     7.486   207.144    22.825    24064.     4359.    24186.     4344.   278836.   283333.       10.        2.      0.66      0.54  278836.3  283332.8       0.0       0.0       0.0       0.2
     2010   775.900   527.903   179.232     0.000     1.505     0.001   151.235     3.060     0.000   331.972     0.001     0.000    27.802     0.000     0.000     0.000     5.577     0.000     0.006     0.000     0.001     6.597     0.000    98.626   131.011     8.715     1.364     0.386     0.000     0.002    17.932    31.381    10.539     0.107     0.000     6.207    92.557    19.416    24186.     4344.    24204.     4359.   283333.   288111.        2.       17.      0.54      0.48  283332.8  288110.5       0.0       0.0       0.0       0.1
     2011  1048.000   422.635   244.414     0.000     2.936     0.001   307.840     6.229     0.000   555.193     0.002     0.000     1.212     0.004     0.000     0.000     5.417     0.000     0.011     0.000     0.001     1.884   311.664     0.000     0.000     0.000     0.044     0.023     0.000     0.004     0.000     0.000    21.817     0.103     0.000     8.384   211.317    23.284    24204.     4359.    24310.     4348.   288111.   290194.       17.        1.      0.48      0.37  288110.5  290194.2       0.0       0.0       0.0       0.1
     2012   559.700   382.951    80.115     0.000     0.906     0.000    92.363     1.869     0.000   173.385     0.000     0.000    11.810     0.004     0.000     0.000     0.436     0.000     0.005     0.000     0.000    10.590     0.000     0.000   111.115     0.000     0.272     0.001     0.000     0.001     0.000    44.800     6.234     0.008     0.000     4.478    68.868    13.630    24310.     4348.    24334.     4379.   290194.   293587.        1.       30.      0.37      0.34  290194.2  293587.1       0.0       0.0       0.0       0.0
